001001001000000000000000000000000000000000000000000000
000001001000001100010000001000000000000000000000000000
000010100010000000001000001101100000000000000000000011
000010100010000000001000001101100000000000000000000011
001101010000000000000000000000000000000000000000000000
000001001000001100010000001000001000000000000000000000
000010100010000000001000001101100000100000000000000011
000010100010000000001000001101100000100000000000000011
000010010010000000010000100000011000000000000000000000
000001001000001100010000001000010000000000000000000000
000010100100000000000000000000000000000000100001100000
000010100100000000000000000000000000000000100001100000
000001001000000010000010001100000000000000000000000000
000001001000001100000100001000000000000000000000000000
000001001000001000001000000010100000100000000000000000
000001110010000000001000000000000000000000000000000000
000101000000000000000000000000000111000000000000000000
100000000000000000000000000000000000010000000000000000
010110100010000011000000000000000000000000000000000001
000001100001000000010000000000011000000000000000000000
000001001000001011000010011100000000000000000000000000
000001001000001011000010010011000000100000000000000000
000001001000000010000010000010000000100000000000000000
000001000001000000010000000000011001000000000000000000
000101100000000000000000000000000110000000000000000000
000101100101000000000000000000000101000000000000000000
010110100010000011000000000000000000000000000000000001
000001001000001100100000000000000001000000000000000000
000101110001001001000000010000000101000000000000000000
000101110101000000000000000000000100000000000000000000
000001001000000010100001000000000001000000000000000000
000001001000001100100000000000000000000000000000000000
100000000000010000000000000000000000000000000000000000
000110000101000000000000000000000101000000000000000000
000011101110001000000000100000000000000100000100000000
000010000000100000100000000000000001000000000000000000
000110010001000000000000000000000101000000000000000000
100000000000000000000000000000000000001000000000000000
000010011100000010100001000000000001000000000000000000
000011110110001000000000100000000000000100000100000000
010011000100000000000000000000000000000000100000100000
000011101000001000000000100000000000000100000000010000
000000000000000000000000000000000000000000000000000000
000000000000000000000000000000000000000000000000000000
000110110000000000000000000000000111000000000000000000
000000000000000000000000000000000000000000000000000000
000011010010000000000000000000000000000001000000000000
000010110010001000000000100000011000000100000010000000
000000000000000000000000000000000000000000000000000000
000010100101000000000000000000000001000010010000000000
000000000000000000000000000000000000000000000000000000
000000000000000000000000000000000000000000000000000000
000111010001000000000000000000000101000000000000000000
000000000000000000000000000000000000000000000000000000
000001001000000010100001000000000001000000000000000000
000000000000000000000000000000000000000000000000000000
000011000100000000000000000000000000000000100000000000
011001000100000000000000000000000000000000100001000000
000011110010001000000000100000011000000100000010000000
000001001000001000000000100000000000000100001110000000
000111110000000000000000000000000111000000000000000000
000111110101000000000000000000000101000000000000000000
000010111101000000000000000000000001000000000000000100
000010001000000100100000000000000001000000010000001000
