000100100100000000000000000000000000000000000000000000000000
000000100100000110001000000100000000000000000000000000000000
000001010001000000000100000110110000000000000000000000110010
000001010001000000000100000110110000000000000000000000110010
000110101000000000000000000000000000000000000000000000000000
000000100100000110001000000100000100000000000000000000000000
000001010001000000000100000110110000010000000000000000110010
000001010001000000000100000110110000010000000000000000110010
000001001001000000001000010000001100000000000000000000000000
000000100100000110001000000100001000000000000000000000000000
000001010010000000000000000000000000000000010000011000000000
000001010010000000000000000000000000000000010000011000000000
000000100100000001000001000110000000000000000000000000000000
000000100100000110000010000100000000000000000000000000000000
000000100100000100000100000001010000010000000000000000000000
000000111001000000000100000000000000000000000000000000000000
000010100000000000000000000000000011100000000000000000000000
000001100001000000000000000000000000000000000000000000001000
001011010001000001100000000000000000000000000000000000010010
000000110000100000001000000000001100000000000000000000000000
000000100100000101100001001110000000000000000000000000000000
000000100100000101100001001001100000010000000000000000000000
000000100100000001000001000001000000010000000000000000000000
000000100000100000001000000000001100100000000000000000000000
000010110000000000000000000000000011000000000000000000000000
000010110010100000000000000000000010100000000000000000000000
001011010001000001100000000000000000000000000000000000010010
000000100100000110010000000000000000100000000000000000000000
000010111000100100100000001000000010100000000000000000000000
000010111010100000000000000000000010000000000000000000000000
000000100100000001010000100000000000100000000000000000000000
000000100100000110010000000000000000000000000000000000000000
100000000000001000000000000000000000000000000000000000000000
000011000010100000000000000000000010100000000000000000000000
000001110111000100000000010000000000000010000010000000000000
000001000000010000010000000000000000100000000000000000000000
000011001000100000000000000000000010100000000000000000000000
100000000000000000000000000000000000000100000000000000000000
000001001110000001010000100000000000100000000000000000000000
000001111011000100000000010000000000000010000010000000000000
001100100010000000000000000000000000000000010000010000000000
000001110100000100000000010000000000000010000000000100000000
000000000000000000000000000000000000000000000000000000000000
000000000000000000000000000000000000000000000000000000000000
000011011000000000000000000000000011100000000000000000000000
000011011010000000000000000000000011100000000000000000000000
000001101001000000000000000000000000000000100000000000000000
000001100111000000000000000000000000000000000000000000000100
000011100000100000000000000000000010100000000000000000000000
000001010010100000000000000000000000100001001000000000000000
001001100010000000000000000000000000000000010000001000000000
100000000000000000000000000000000000001000000000000000000000
000011101000100000000000000000000010100000000000000000000000
000001011010000000000000000000000000000000000000000000000001
000000100100000001010000100000000000100000000000000000000000
000001011001000100000000010000001100000010000001000000000000
000001100010000000000000000000000000000000010000000000000000
010101100010000000000000000000000000000000010000100000000000
000001111001000100000000010000001100000010000001000000000000
000000100100000100000000010000000000000010000111000000000000
000011111000000000000000000000000011100000000000000000000000
000011111010100000000000000000000010100000000000000000000000
000001101110100000000000000000000000100000000000000001000000
000001000100000010010000000000000000100000001000000010000000
