11011101001101000101111101010101010
11011101001101000101111101010101010
11011101001101000101111101010101010
11011101001101000101111101010101010
11011101001101000101111101010101010
11011101001101000101111101010101010
11011101001101000101111101010101010
11011101001101000101111101010101010
11011101001101000101111101010101010
11011101001101000101111101010101010
11011101001101000101111101010101010
11011101001101000101111101010101010
11011101001101000101111101010101010
11011101001101000101111101010101010
11011101001101000101111101010101010
11011101001101000101111101010101010
11011101001101000101111101010101010
11011101001101000101111101010101010
11011101001101000101111101010101010
11011101001101000101111101010101010
11011101001101000101111101010101010
11011101001101000101111101010101010
11011101001101000101111101010101010
11011101001101000101111101010101010
11011101001101000101111101010101010
11011101001101000101111101010101010
11011101001101000101111101010101010
11011101001101000101111101010101010
11011101001101000101111101010101010
11011101001101000101111101010101010
11011101001101000101111101010101010
11011101001101000101111101010101010
11011101001101000101111101010101010
11011101001101000101111101010101010
11011101001101000101111101010101010
11011101001101000101111101010101010
11011101001101000101111101010101010
00000000000000000000000000000000000
00000000000000000000000000000000000
00000000000000000000000000000000000
00000000000000000000000000000000000
00000000000000000000000000000000000
00000000000000000000000000000000000
00000000000000000000000000000000000
00000000000000000000000000000000000
00000000000000000000000000000000000
00000000000000000000000000000000000
00000000000000000000000000000000000
00000000000000000000000000000000000
00000000000000000000000000000000000
00000000000000000000000000000000000
00000000000000000000000000000000000
00000000000000000000000000000000000
00000000000000000000000000000000000
00000000000000000000000000000000000
00000000000000000000000000000000000
00000000000000000000000000000000000
00000000000000000000000000000000000
00000000000000000000000000000000000
00000000000000000000000000000000000
00000000000000000000000000000000000
00000000000000000000000000000000000
00000000000000000000000000000000000
00000000000000000000000000000000000

